
314
324
333
314
264
263
323
273
254
234
233
273
263
254
214
213
253
231

224
234
242
313
274
274
314
252
243
234
245
242
313
274
274
264
251

314
324
333
314
264
263
323
273
254
234
233
273
263
254
214
213
253
231

224
234
242
253
244
244
254
233
253
313
333
323
324
324
313
314
311

314
324
333
314
264
263
323
273
254
234
233
273
263
254
214
213
253
231

224
234
242
313
274
314
252
243
234
245
242
313
274
274
264
251

314
324
333
314
264
264
323
273
254
234
234
273
263
254
214
214
253
231

224
234
242
253
244
244
254
233
253
313
333
324
323
324
315
314
311

263
274
313
274
264
253
333
332

323
334
343
334
324
313
323
252

243
254
263
254
244
233
313
313
313
272
263
273
313

323
335
323
315
263
313
333
355
353
324
313

323
335
323
315
264
313
333
355
353
324
313

323
335
323
315
264
313
333
355
353
364
353

354
313
374
353
334
353
324
322

323
335
323
315
264
313
333
355
354
324
313
314

315
323
335
343
335
333
323
323
273
311

313
275
263
273
313
323
313
253
233
253
253
263
325
323
273
315
313
311

313
275
263
273
313
323
313
253
313
313
323
333
345
343
323
315
313
311