
334
334
334
363
364
373
374
313
354
354
344
344
353
364
353
344
333
324
334
334
334
334
363
334
364
373
374
313
364
374
313
334
314
323
354
334
323
344
314
323
314
314
313
314
374
363
354
354
344
353
313
344
334
324
344
314
334
324
314
333
362
314
364
354
354
353
334
344
353
364
354
344
333
323
333
343
334
324
314
314
314
313
364
313
343
324
324
314
314
364
364
314
314
374
374
354
354
333
353
344
344
334
334
343
353
333
334
323
354
314
313
344
363
354
354
334
313
374
374
372
323
374
324
313
344
363
373
311
324
334
363
314
354
354
344
334
324
324
334
344
344
334
324
314
343
313
374
314
374
364
353
334
334
334
314
324
334
363
314
354
354
344
334
324
324
334
344
344
334
324
314
343
333
324
314
364
364
323
314
314
314
314
324
334
363
314
354
354
344
334
324